SPL log data saved by REW V5.20.9
Note: dB(A)
Soundcard cal: 
Mic/meter cal: 7024995.txt
SPL cal offset: 125.701 dB
High Pass Filter: Off
Date: 25/08/2022 11:14:24 AM
Start: 1661426064037
Log length: 118 entries over 20.1s
Log interval: 0.17066666666666666 seconds

Time[s] LAF LAFMin LAFMax LZpeak LAeq LAE LAeq1m LAeq10m Time of day
0.171 41.3 39.9 41.3 67.9 41.6 33.9 41.6 41.6 11:14:24.171
0.341 37.8 37.8 41.3 67.9 40.1 35.5 40.1 40.1 11:14:24.341
0.512 37.6 37.6 41.3 67.9 39.5 36.6 39.5 39.5 11:14:24.512
0.683 38.0 37.6 41.3 67.9 39.2 37.5 39.2 39.2 11:14:24.683
0.853 37.7 37.5 41.3 67.9 38.9 38.2 38.9 38.9 11:14:24.853
1.024 37.8 37.5 41.3 67.9 38.8 38.9 38.8 38.8 11:14:25.024
1.195 37.7 37.5 41.3 67.9 38.7 39.4 38.7 38.7 11:14:25.195
1.365 37.6 37.5 41.3 67.9 38.5 39.9 38.5 38.5 11:14:25.365
1.536 37.7 37.5 41.3 67.9 38.5 40.3 38.5 38.5 11:14:25.536
1.707 37.8 37.5 41.3 67.9 38.4 40.7 38.4 38.4 11:14:25.707
1.877 37.4 37.4 41.3 67.9 38.3 41.1 38.3 38.3 11:14:25.877
2.048 37.6 37.4 41.3 67.9 38.3 41.4 38.3 38.3 11:14:26.048
2.219 37.6 37.4 41.3 67.9 38.2 41.7 38.2 38.2 11:14:26.219
2.389 37.6 37.3 41.3 67.9 38.2 42.0 38.2 38.2 11:14:26.389
2.560 36.9 36.9 41.3 67.9 38.1 42.2 38.1 38.1 11:14:26.560
2.731 37.3 36.9 41.3 67.9 38.1 42.5 38.1 38.1 11:14:26.731
2.901 37.6 36.9 41.3 67.9 38.1 42.7 38.1 38.1 11:14:26.901
3.072 39.0 36.9 41.3 73.2 38.2 43.0 38.2 38.2 11:14:27.072
3.243 38.1 36.9 41.3 75.6 38.2 43.3 38.2 38.2 11:14:27.243
3.413 37.9 36.9 41.3 75.6 38.2 43.5 38.2 38.2 11:14:27.413
3.584 37.5 36.9 41.3 75.6 38.1 43.7 38.1 38.1 11:14:27.584
3.755 37.4 36.9 41.3 75.6 38.1 43.8 38.1 38.1 11:14:27.755
3.925 37.6 36.9 41.3 75.6 38.1 44.0 38.1 38.1 11:14:27.925
4.096 37.6 36.9 41.3 75.6 38.1 44.2 38.1 38.1 11:14:28.096
4.267 38.2 36.9 41.3 75.6 38.1 44.4 38.1 38.1 11:14:28.267
4.437 37.8 36.9 41.3 75.6 38.1 44.5 38.1 38.1 11:14:28.437
4.608 37.7 36.9 41.3 75.6 38.1 44.7 38.1 38.1 11:14:28.608
4.779 37.6 36.9 41.3 75.6 38.1 44.8 38.1 38.1 11:14:28.779
4.949 37.7 36.9 41.3 75.6 38.0 45.0 38.0 38.0 11:14:28.949
5.120 37.6 36.9 41.3 75.6 38.0 45.1 38.0 38.0 11:14:29.120
5.291 37.8 36.9 41.3 75.6 38.0 45.3 38.0 38.0 11:14:29.291
5.461 37.5 36.9 41.3 75.6 38.0 45.4 38.0 38.0 11:14:29.461
5.632 37.6 36.9 41.3 75.6 38.0 45.5 38.0 38.0 11:14:29.632
5.803 37.6 36.9 41.3 75.6 38.0 45.6 38.0 38.0 11:14:29.803
5.973 37.5 36.9 41.3 75.6 38.0 45.7 38.0 38.0 11:14:29.973
6.144 37.8 36.9 41.3 75.6 38.0 45.9 38.0 38.0 11:14:30.144
6.315 37.6 36.9 41.3 75.6 38.0 46.0 38.0 38.0 11:14:30.315
6.485 37.7 36.9 41.3 75.6 38.0 46.1 38.0 38.0 11:14:30.485
6.656 37.7 36.9 41.3 75.6 38.0 46.2 38.0 38.0 11:14:30.656
6.827 37.6 36.9 41.3 75.6 38.0 46.3 38.0 38.0 11:14:30.827
6.997 37.9 36.9 41.3 75.6 38.0 46.4 38.0 38.0 11:14:30.997
7.168 38.2 36.9 41.3 75.6 38.0 46.5 38.0 38.0 11:14:31.168
7.339 38.0 36.9 41.3 75.6 38.0 46.6 38.0 38.0 11:14:31.339
7.509 38.0 36.9 41.3 75.6 38.0 46.7 38.0 38.0 11:14:31.509
7.680 38.3 36.9 41.3 75.6 38.0 46.8 38.0 38.0 11:14:31.680
7.851 38.1 36.9 41.3 75.6 38.0 46.9 38.0 38.0 11:14:31.851
8.021 38.1 36.9 41.3 75.6 38.0 47.0 38.0 38.0 11:14:32.021
8.192 38.4 36.9 41.3 75.6 38.0 47.1 38.0 38.0 11:14:32.192
8.363 38.0 36.9 41.3 75.6 38.0 47.2 38.0 38.0 11:14:32.363
8.533 38.5 36.9 41.3 75.6 38.0 47.3 38.0 38.0 11:14:32.533
8.704 38.7 36.9 41.3 75.6 38.0 47.4 38.0 38.0 11:14:32.704
8.875 39.0 36.9 41.3 75.6 38.1 47.6 38.1 38.1 11:14:32.875
9.045 39.4 36.9 41.3 75.6 38.1 47.7 38.1 38.1 11:14:33.045
9.216 39.2 36.9 41.3 75.6 38.1 47.8 38.1 38.1 11:14:33.216
9.387 39.0 36.9 41.3 75.6 38.1 47.9 38.1 38.1 11:14:33.387
9.557 39.0 36.9 41.3 75.6 38.2 48.0 38.2 38.2 11:14:33.557
9.728 39.1 36.9 41.3 75.6 38.2 48.1 38.2 38.2 11:14:33.728
9.899 39.1 36.9 41.3 75.6 38.2 48.2 38.2 38.2 11:14:33.899
10.069 39.4 36.9 41.3 75.6 38.2 48.3 38.2 38.2 11:14:34.069
10.240 38.7 36.9 41.3 75.6 38.2 48.4 38.2 38.2 11:14:34.240
10.411 38.4 36.9 41.3 75.6 38.3 48.4 38.3 38.3 11:14:34.411
10.581 38.5 36.9 41.3 75.6 38.3 48.5 38.3 38.3 11:14:34.581
10.752 38.7 36.9 41.3 75.6 38.3 48.6 38.3 38.3 11:14:34.752
10.923 38.9 36.9 41.3 75.6 38.3 48.7 38.3 38.3 11:14:34.923
11.093 38.4 36.9 41.3 75.6 38.3 48.7 38.3 38.3 11:14:35.093
11.264 38.7 36.9 41.3 75.6 38.3 48.8 38.3 38.3 11:14:35.264
11.435 38.9 36.9 41.3 75.6 38.3 48.9 38.3 38.3 11:14:35.435
11.605 38.7 36.9 41.3 75.6 38.3 49.0 38.3 38.3 11:14:35.605
11.776 39.3 36.9 41.3 75.6 38.3 49.0 38.3 38.3 11:14:35.776
11.947 39.9 36.9 41.3 75.6 38.4 49.2 38.4 38.4 11:14:35.947
12.117 40.9 36.9 41.3 75.6 38.4 49.3 38.4 38.4 11:14:36.117
12.288 41.2 36.9 41.3 75.6 38.5 49.4 38.5 38.5 11:14:36.288
12.459 41.2 36.9 41.3 75.6 38.5 49.5 38.5 38.5 11:14:36.459
12.629 41.0 36.9 41.3 75.6 38.6 49.6 38.6 38.6 11:14:36.629
12.800 41.7 36.9 41.7 75.6 38.7 49.7 38.7 38.7 11:14:36.800
12.971 42.1 36.9 42.1 75.6 38.7 49.9 38.7 38.7 11:14:36.971
13.141 41.8 36.9 42.1 75.6 38.8 50.0 38.8 38.8 11:14:37.141
13.312 41.0 36.9 42.1 75.6 38.8 50.1 38.8 38.8 11:14:37.312
13.483 41.1 36.9 42.1 75.6 38.9 50.2 38.9 38.9 11:14:37.483
13.653 40.9 36.9 42.1 75.6 38.9 50.3 38.9 38.9 11:14:37.653
13.824 41.2 36.9 42.1 75.6 38.9 50.4 38.9 38.9 11:14:37.824
13.995 40.3 36.9 42.1 75.6 39.0 50.4 39.0 39.0 11:14:37.995
14.165 40.2 36.9 42.1 75.6 39.0 50.5 39.0 39.0 11:14:38.165
14.336 39.3 36.9 42.1 75.6 39.0 50.6 39.0 39.0 11:14:38.336
14.507 39.4 36.9 42.1 75.6 39.0 50.6 39.0 39.0 11:14:38.507
14.677 39.3 36.9 42.1 75.6 39.0 50.7 39.0 39.0 11:14:38.677
14.848 38.6 36.9 42.1 75.6 39.0 50.7 39.0 39.0 11:14:38.848
15.019 38.5 36.9 42.1 75.6 39.0 50.8 39.0 39.0 11:14:39.019
15.189 38.8 36.9 42.1 75.6 39.0 50.8 39.0 39.0 11:14:39.189
15.360 39.0 36.9 42.1 75.6 39.0 50.9 39.0 39.0 11:14:39.360
15.531 38.7 36.9 42.1 75.6 39.0 50.9 39.0 39.0 11:14:39.531
15.701 38.7 36.9 42.1 75.6 39.0 50.9 39.0 39.0 11:14:39.701
15.872 38.3 36.9 42.1 75.6 39.0 51.0 39.0 39.0 11:14:39.872
16.043 38.4 36.9 42.1 75.6 39.0 51.0 39.0 39.0 11:14:40.043
16.213 38.5 36.9 42.1 75.6 39.0 51.1 39.0 39.0 11:14:40.213
16.384 38.4 36.9 42.1 75.6 39.0 51.1 39.0 39.0 11:14:40.384
16.555 38.2 36.9 42.1 75.6 39.0 51.2 39.0 39.0 11:14:40.555
16.725 38.5 36.9 42.1 75.6 39.0 51.2 39.0 39.0 11:14:40.725
16.896 39.0 36.9 42.1 75.6 39.0 51.2 39.0 39.0 11:14:40.896
17.067 39.0 36.9 42.1 75.6 39.0 51.3 39.0 39.0 11:14:41.067
17.237 38.8 36.9 42.1 75.6 39.0 51.3 39.0 39.0 11:14:41.237
17.408 38.5 36.9 42.1 75.6 39.0 51.4 39.0 39.0 11:14:41.408
17.579 38.0 36.9 42.1 75.6 39.0 51.4 39.0 39.0 11:14:41.579
17.749 38.3 36.9 42.1 75.6 39.0 51.5 39.0 39.0 11:14:41.749
17.920 43.1 36.9 43.1 76.2 39.1 51.6 39.1 39.1 11:14:41.920
18.091 40.7 36.9 43.1 76.2 39.1 51.7 39.1 39.1 11:14:42.091
18.261 39.1 36.9 43.1 76.2 39.1 51.7 39.1 39.1 11:14:42.261
18.432 38.3 36.9 43.1 76.2 39.1 51.7 39.1 39.1 11:14:42.432
18.603 38.1 36.9 43.1 76.2 39.1 51.8 39.1 39.1 11:14:42.603
18.773 37.8 36.9 43.1 76.2 39.1 51.8 39.1 39.1 11:14:42.773
18.944 37.8 36.9 43.1 76.2 39.1 51.8 39.1 39.1 11:14:42.944
19.115 37.5 36.9 43.1 76.2 39.0 51.9 39.0 39.0 11:14:43.115
19.285 37.5 36.9 43.1 76.2 39.0 51.9 39.0 39.0 11:14:43.285
19.456 39.0 36.9 43.1 76.2 39.1 52.0 39.1 39.1 11:14:43.456
19.627 39.8 36.9 43.1 76.2 39.1 52.0 39.1 39.1 11:14:43.627
19.797 37.8 36.9 43.1 76.2 39.1 52.0 39.1 39.1 11:14:43.797
19.968 37.7 36.9 43.1 76.2 39.1 52.1 39.1 39.1 11:14:43.968
20.139 39.5 36.9 43.1 76.2 39.1 52.1 39.1 39.1 11:14:44.139

