SPL log data saved by REW V5.20.9
Soundcard cal: 
Mic/meter cal: 7024995.txt
SPL cal offset: 125.701 dB
High Pass Filter: Off
Date: 25/08/2022 11:17:24 AM
Start: 1661426244529
Log length: 116 entries over 19.8s
Log interval: 0.17066666666666666 seconds

Time[s] LZF LZFMin LZFMax LZpeak LZeq LZE LZeq1m LZeq10m Time of day
0.171 61.8 60.4 63.0 70.7 63.5 55.8 63.5 63.5 11:17:24.171
0.341 61.0 60.4 63.0 70.7 63.2 58.5 63.2 63.2 11:17:24.341
0.512 59.3 57.0 63.0 70.7 62.1 59.2 62.1 62.1 11:17:24.512
0.683 61.5 57.0 63.5 73.1 62.7 61.1 62.7 62.7 11:17:24.683
0.853 62.5 57.0 63.5 73.1 62.7 62.0 62.7 62.7 11:17:24.853
1.024 61.6 57.0 63.5 73.1 62.6 62.7 62.6 62.6 11:17:25.024
1.195 62.4 57.0 63.5 74.1 62.6 63.3 62.6 62.6 11:17:25.195
1.365 66.3 57.0 66.3 74.1 63.4 64.8 63.4 63.4 11:17:25.365
1.536 62.3 57.0 66.3 74.1 63.3 65.2 63.3 63.3 11:17:25.536
1.707 63.6 57.0 66.3 74.9 63.7 66.0 63.7 63.7 11:17:25.707
1.877 64.1 57.0 66.3 74.9 63.9 66.7 63.9 63.9 11:17:25.877
2.048 63.1 57.0 66.3 74.9 63.9 67.0 63.9 63.9 11:17:26.048
2.219 61.1 57.0 66.3 74.9 63.8 67.2 63.8 63.8 11:17:26.219
2.389 62.4 57.0 66.3 74.9 63.8 67.5 63.8 63.8 11:17:26.389
2.560 61.7 57.0 66.3 74.9 63.6 67.7 63.6 63.6 11:17:26.560
2.731 60.3 57.0 66.3 74.9 63.7 68.0 63.7 63.7 11:17:26.731
2.901 63.9 57.0 66.3 76.6 63.8 68.4 63.8 63.8 11:17:26.901
3.072 68.0 57.0 68.0 76.6 64.3 69.1 64.3 64.3 11:17:27.072
3.243 64.7 57.0 68.0 76.6 64.3 69.4 64.3 64.3 11:17:27.243
3.413 66.7 57.0 68.0 76.6 64.6 69.9 64.6 64.6 11:17:27.413
3.584 67.1 57.0 68.0 76.6 64.7 70.3 64.7 64.7 11:17:27.584
3.755 68.0 57.0 68.2 76.6 65.1 70.8 65.1 65.1 11:17:27.755
3.925 66.9 57.0 69.1 76.6 65.3 71.2 65.3 65.3 11:17:27.925
4.096 66.1 57.0 69.1 76.6 65.3 71.4 65.3 65.3 11:17:28.096
4.267 64.3 57.0 69.1 76.6 65.3 71.6 65.3 65.3 11:17:28.267
4.437 61.4 57.0 69.1 76.6 65.2 71.6 65.2 65.2 11:17:28.437
4.608 63.3 57.0 69.1 76.6 65.2 71.9 65.2 65.2 11:17:28.608
4.779 67.7 57.0 69.1 76.6 65.4 72.2 65.4 65.4 11:17:28.779
4.949 68.8 57.0 70.8 76.6 65.8 72.8 65.8 65.8 11:17:28.949
5.120 71.5 57.0 71.5 76.6 66.2 73.3 66.2 66.2 11:17:29.120
5.291 69.5 57.0 71.5 76.6 66.4 73.6 66.4 66.4 11:17:29.291
5.461 71.2 57.0 73.2 77.7 66.9 74.3 66.9 66.9 11:17:29.461
5.632 75.2 57.0 75.2 78.9 67.8 75.3 67.8 67.8 11:17:29.632
5.803 72.4 57.0 75.2 78.9 68.0 75.6 68.0 68.0 11:17:29.803
5.973 68.1 57.0 75.2 78.9 68.0 75.7 68.0 68.0 11:17:29.973
6.144 68.9 57.0 75.2 78.9 68.0 75.9 68.0 68.0 11:17:30.144
6.315 71.3 57.0 75.2 78.9 68.2 76.2 68.2 68.2 11:17:30.315
6.485 69.9 57.0 75.2 78.9 68.3 76.4 68.3 68.3 11:17:30.485
6.656 69.8 57.0 75.2 78.9 68.4 76.6 68.4 68.4 11:17:30.656
6.827 70.7 57.0 75.2 78.9 68.6 76.9 68.6 68.6 11:17:30.827
6.997 72.2 57.0 75.2 78.9 68.8 77.3 68.8 68.8 11:17:30.997
7.168 72.6 57.0 75.2 78.9 69.1 77.7 69.1 69.1 11:17:31.168
7.339 72.0 57.0 75.2 78.9 69.2 77.8 69.2 69.2 11:17:31.339
7.509 67.3 57.0 75.2 78.9 69.2 77.9 69.2 69.2 11:17:31.509
7.680 68.8 57.0 75.2 78.9 69.2 78.0 69.2 69.2 11:17:31.680
7.851 65.2 57.0 75.2 78.9 69.1 78.0 69.1 69.1 11:17:31.851
8.021 64.8 57.0 75.2 78.9 69.1 78.1 69.1 69.1 11:17:32.021
8.192 66.2 57.0 75.2 78.9 69.0 78.2 69.0 69.0 11:17:32.192
8.363 69.4 57.0 75.2 78.9 69.1 78.3 69.1 69.1 11:17:32.363
8.533 66.7 57.0 75.2 78.9 69.1 78.4 69.1 69.1 11:17:32.533
8.704 64.1 57.0 75.2 78.9 69.0 78.4 69.0 69.0 11:17:32.704
8.875 59.7 57.0 75.2 78.9 68.9 78.4 68.9 68.9 11:17:32.875
9.045 67.1 57.0 75.2 78.9 69.0 78.6 69.0 69.0 11:17:33.045
9.216 70.8 57.0 75.2 78.9 69.1 78.7 69.1 69.1 11:17:33.216
9.387 65.8 57.0 75.2 78.9 69.0 78.7 69.0 69.0 11:17:33.387
9.557 64.9 57.0 75.2 78.9 69.0 78.8 69.0 69.0 11:17:33.557
9.728 70.3 57.0 75.2 78.9 69.1 78.9 69.1 69.1 11:17:33.728
9.899 67.8 57.0 75.2 78.9 69.0 79.0 69.0 69.0 11:17:33.899
10.069 64.8 57.0 75.2 78.9 69.0 79.0 69.0 69.0 11:17:34.069
10.240 62.5 57.0 75.2 78.9 68.9 79.0 68.9 68.9 11:17:34.240
10.411 60.2 57.0 75.2 78.9 68.9 79.0 68.9 68.9 11:17:34.411
10.581 64.1 57.0 75.2 78.9 68.8 79.1 68.8 68.8 11:17:34.581
10.752 64.2 57.0 75.2 78.9 68.8 79.1 68.8 68.8 11:17:34.752
10.923 65.2 57.0 75.2 78.9 68.7 79.1 68.7 68.7 11:17:34.923
11.093 67.8 57.0 75.2 78.9 68.8 79.2 68.8 68.8 11:17:35.093
11.264 68.6 57.0 75.2 78.9 68.8 79.3 68.8 68.8 11:17:35.264
11.435 65.5 57.0 75.2 78.9 68.7 79.3 68.7 68.7 11:17:35.435
11.605 66.1 57.0 75.2 78.9 68.7 79.4 68.7 68.7 11:17:35.605
11.776 68.1 57.0 75.2 78.9 68.7 79.5 68.7 68.7 11:17:35.776
11.947 62.7 57.0 75.2 78.9 68.7 79.5 68.7 68.7 11:17:35.947
12.117 57.9 57.0 75.2 78.9 68.6 79.5 68.6 68.6 11:17:36.117
12.288 61.0 57.0 75.2 78.9 68.6 79.5 68.6 68.6 11:17:36.288
12.459 62.7 57.0 75.2 78.9 68.6 79.5 68.6 68.6 11:17:36.459
12.629 65.6 57.0 75.2 78.9 68.5 79.6 68.5 68.5 11:17:36.629
12.800 66.6 57.0 75.2 78.9 68.5 79.6 68.5 68.5 11:17:36.800
12.971 66.6 57.0 75.2 78.9 68.5 79.6 68.5 68.5 11:17:36.971
13.141 71.5 57.0 75.2 78.9 68.6 79.8 68.6 68.6 11:17:37.141
13.312 73.8 57.0 75.2 78.9 68.8 80.0 68.8 68.8 11:17:37.312
13.483 69.4 57.0 75.2 78.9 68.8 80.1 68.8 68.8 11:17:37.483
13.653 69.0 57.0 75.2 78.9 68.8 80.1 68.8 68.8 11:17:37.653
13.824 66.2 57.0 75.2 78.9 68.7 80.2 68.7 68.7 11:17:37.824
13.995 64.4 57.0 75.2 78.9 68.7 80.2 68.7 68.7 11:17:37.995
14.165 66.5 57.0 75.2 78.9 68.7 80.2 68.7 68.7 11:17:38.165
14.336 73.4 57.0 75.2 78.9 68.9 80.5 68.9 68.9 11:17:38.336
14.507 71.4 57.0 75.2 78.9 68.9 80.5 68.9 68.9 11:17:38.507
14.677 65.4 57.0 75.2 78.9 68.9 80.6 68.9 68.9 11:17:38.677
14.848 66.9 57.0 75.2 83.4 68.9 80.7 68.9 68.9 11:17:38.848
15.019 77.7 57.0 77.7 83.4 69.4 81.2 69.4 69.4 11:17:39.019
15.189 74.2 57.0 77.7 83.4 69.5 81.3 69.5 69.5 11:17:39.189
15.360 68.3 57.0 77.7 83.4 69.4 81.3 69.4 69.4 11:17:39.360
15.531 68.0 57.0 77.7 83.4 69.5 81.4 69.5 69.5 11:17:39.531
15.701 76.8 57.0 77.7 83.4 69.8 81.8 69.8 69.8 11:17:39.701
15.872 76.9 57.0 77.7 83.4 70.0 82.1 70.0 70.0 11:17:39.872
16.043 75.7 57.0 77.7 83.4 70.2 82.3 70.2 70.2 11:17:40.043
16.213 72.8 57.0 77.7 83.4 70.3 82.3 70.3 70.3 11:17:40.213
16.384 75.0 57.0 77.7 83.4 70.4 82.6 70.4 70.4 11:17:40.384
16.555 72.3 57.0 77.7 83.4 70.5 82.7 70.5 70.5 11:17:40.555
16.725 66.3 57.0 77.7 83.4 70.4 82.7 70.4 70.4 11:17:40.725
16.896 62.8 57.0 77.7 83.4 70.4 82.7 70.4 70.4 11:17:40.896
17.067 63.8 57.0 77.7 83.4 70.4 82.7 70.4 70.4 11:17:41.067
17.237 64.9 57.0 77.7 83.4 70.3 82.7 70.3 70.3 11:17:41.237
17.408 64.8 57.0 77.7 83.4 70.3 82.7 70.3 70.3 11:17:41.408
17.579 69.8 57.0 77.7 83.4 70.4 82.8 70.4 70.4 11:17:41.579
17.749 72.5 57.0 77.7 83.4 70.4 82.9 70.4 70.4 11:17:41.749
17.920 71.8 57.0 77.7 83.4 70.4 83.0 70.4 70.4 11:17:41.920
18.091 68.6 57.0 77.7 83.4 70.4 83.0 70.4 70.4 11:17:42.091
18.261 65.3 57.0 77.7 83.4 70.4 83.0 70.4 70.4 11:17:42.261
18.432 67.7 57.0 77.7 83.4 70.4 83.0 70.4 70.4 11:17:42.432
18.603 71.3 57.0 77.7 83.4 70.4 83.1 70.4 70.4 11:17:42.603
18.773 70.2 57.0 77.7 83.4 70.4 83.1 70.4 70.4 11:17:42.773
18.944 67.8 57.0 77.7 83.4 70.4 83.1 70.4 70.4 11:17:42.944
19.115 65.0 57.0 77.7 83.4 70.3 83.2 70.3 70.3 11:17:43.115
19.285 68.1 57.0 77.7 83.4 70.3 83.2 70.3 70.3 11:17:43.285
19.456 67.9 57.0 77.7 83.4 70.3 83.2 70.3 70.3 11:17:43.456
19.627 68.0 57.0 77.7 83.4 70.3 83.2 70.3 70.3 11:17:43.627
19.797 66.3 57.0 77.7 83.4 70.3 83.2 70.3 70.3 11:17:43.797

