SPL log data saved by REW V5.20.9
Soundcard cal: 
Mic/meter cal: 7024995.txt
SPL cal offset: 125.701 dB
High Pass Filter: Off
Date: 25/08/2022 10:59:45 AM
Start: 1661425185477
Log length: 116 entries over 19.8s
Log interval: 0.17066666666666666 seconds

Time[s] LAF LAFMin LAFMax LZpeak LAeq LAE LAeq1m LAeq10m Time of day
0.171 38.8 38.8 40.7 65.5 39.9 32.2 39.9 39.9 10:59:45.171
0.341 36.0 36.0 40.7 68.5 38.4 33.7 38.4 38.4 10:59:45.341
0.512 36.5 36.0 40.7 68.5 37.9 35.0 37.9 37.9 10:59:45.512
0.683 36.6 36.0 40.7 68.5 37.6 36.0 37.6 37.6 10:59:45.683
0.853 36.3 36.0 40.7 68.5 37.4 36.7 37.4 37.4 10:59:45.853
1.024 36.3 36.0 40.7 71.2 37.3 37.4 37.3 37.3 10:59:46.024
1.195 36.3 36.0 40.7 71.2 37.1 37.9 37.1 37.1 10:59:46.195
1.365 36.1 35.9 40.7 71.2 37.0 38.4 37.0 37.0 10:59:46.365
1.536 35.6 35.6 40.7 71.2 36.9 38.8 36.9 36.9 10:59:46.536
1.707 35.9 35.6 40.7 71.2 36.8 39.1 36.8 36.8 10:59:46.707
1.877 35.8 35.6 40.7 71.2 36.7 39.5 36.7 36.7 10:59:46.877
2.048 35.9 35.6 40.7 71.2 36.7 39.8 36.7 36.7 10:59:47.048
2.219 35.8 35.6 40.7 71.2 36.6 40.1 36.6 36.6 10:59:47.219
2.389 35.8 35.6 40.7 71.2 36.6 40.4 36.6 36.6 10:59:47.389
2.560 36.0 35.6 40.7 71.2 36.5 40.6 36.5 36.5 10:59:47.560
2.731 36.0 35.6 40.7 71.2 36.5 40.9 36.5 36.5 10:59:47.731
2.901 35.9 35.6 40.7 71.2 36.5 41.1 36.5 36.5 10:59:47.901
3.072 36.0 35.6 40.7 71.2 36.5 41.3 36.5 36.5 10:59:48.072
3.243 35.3 35.3 40.7 71.2 36.4 41.5 36.4 36.4 10:59:48.243
3.413 35.6 35.3 40.7 71.2 36.4 41.7 36.4 36.4 10:59:48.413
3.584 35.6 35.3 40.7 71.2 36.4 41.9 36.4 36.4 10:59:48.584
3.755 35.5 35.3 40.7 71.2 36.3 42.1 36.3 36.3 10:59:48.755
3.925 35.6 35.3 40.7 71.2 36.3 42.2 36.3 36.3 10:59:48.925
4.096 35.5 35.3 40.7 71.2 36.3 42.4 36.3 36.3 10:59:49.096
4.267 35.5 35.3 40.7 71.2 36.2 42.5 36.2 36.2 10:59:49.267
4.437 35.8 35.3 40.7 71.2 36.2 42.7 36.2 36.2 10:59:49.437
4.608 36.0 35.3 40.7 71.2 36.2 42.9 36.2 36.2 10:59:49.608
4.779 36.1 35.3 40.7 71.2 36.2 43.0 36.2 36.2 10:59:49.779
4.949 36.3 35.3 40.7 71.2 36.2 43.2 36.2 36.2 10:59:49.949
5.120 36.4 35.3 40.7 71.2 36.2 43.3 36.2 36.2 10:59:50.120
5.291 36.2 35.3 40.7 71.2 36.2 43.5 36.2 36.2 10:59:50.291
5.461 36.0 35.3 40.7 71.2 36.2 43.6 36.2 36.2 10:59:50.461
5.632 36.1 35.3 40.7 71.2 36.2 43.7 36.2 36.2 10:59:50.632
5.803 35.6 35.3 40.7 71.2 36.2 43.9 36.2 36.2 10:59:50.803
5.973 35.9 35.3 40.7 71.2 36.2 44.0 36.2 36.2 10:59:50.973
6.144 35.6 35.3 40.7 71.2 36.2 44.1 36.2 36.2 10:59:51.144
6.315 35.9 35.3 40.7 71.2 36.2 44.2 36.2 36.2 10:59:51.315
6.485 36.0 35.3 40.7 71.2 36.2 44.3 36.2 36.2 10:59:51.485
6.656 35.8 35.3 40.7 71.2 36.2 44.4 36.2 36.2 10:59:51.656
6.827 35.8 35.3 40.7 71.2 36.2 44.5 36.2 36.2 10:59:51.827
6.997 35.9 35.3 40.7 71.2 36.2 44.6 36.2 36.2 10:59:51.997
7.168 35.9 35.3 40.7 71.2 36.2 44.7 36.2 36.2 10:59:52.168
7.339 35.8 35.3 40.7 71.2 36.2 44.8 36.2 36.2 10:59:52.339
7.509 35.5 35.3 40.7 71.2 36.1 44.9 36.1 36.1 10:59:52.509
7.680 35.6 35.3 40.7 71.2 36.1 45.0 36.1 36.1 10:59:52.680
7.851 35.6 35.3 40.7 71.2 36.1 45.1 36.1 36.1 10:59:52.851
8.021 35.3 35.2 40.7 71.2 36.1 45.2 36.1 36.1 10:59:53.021
8.192 35.6 35.2 40.7 71.2 36.1 45.2 36.1 36.1 10:59:53.192
8.363 35.9 35.2 40.7 71.2 36.1 45.3 36.1 36.1 10:59:53.363
8.533 35.6 35.2 40.7 71.2 36.1 45.4 36.1 36.1 10:59:53.533
8.704 35.8 35.2 40.7 71.2 36.1 45.5 36.1 36.1 10:59:53.704
8.875 35.8 35.2 40.7 71.2 36.1 45.6 36.1 36.1 10:59:53.875
9.045 36.1 35.2 40.7 71.2 36.1 45.7 36.1 36.1 10:59:54.045
9.216 36.2 35.2 40.7 71.2 36.1 45.7 36.1 36.1 10:59:54.216
9.387 36.2 35.2 40.7 71.2 36.1 45.8 36.1 36.1 10:59:54.387
9.557 36.1 35.2 40.7 71.2 36.1 45.9 36.1 36.1 10:59:54.557
9.728 36.4 35.2 40.7 71.2 36.1 46.0 36.1 36.1 10:59:54.728
9.899 36.4 35.2 40.7 71.2 36.1 46.1 36.1 36.1 10:59:54.899
10.069 35.9 35.2 40.7 71.2 36.1 46.1 36.1 36.1 10:59:55.069
10.240 36.1 35.2 40.7 71.2 36.1 46.2 36.1 36.1 10:59:55.240
10.411 35.9 35.2 40.7 71.2 36.1 46.3 36.1 36.1 10:59:55.411
10.581 36.0 35.2 40.7 75.0 36.1 46.4 36.1 36.1 10:59:55.581
10.752 35.9 35.2 40.7 78.5 36.1 46.4 36.1 36.1 10:59:55.752
10.923 35.7 35.2 40.7 78.5 36.1 46.5 36.1 36.1 10:59:55.923
11.093 35.9 35.2 40.7 78.5 36.1 46.5 36.1 36.1 10:59:56.093
11.264 36.0 35.2 40.7 78.5 36.1 46.6 36.1 36.1 10:59:56.264
11.435 36.0 35.2 40.7 78.5 36.1 46.7 36.1 36.1 10:59:56.435
11.605 36.0 35.2 40.7 78.5 36.1 46.7 36.1 36.1 10:59:56.605
11.776 36.1 35.2 40.7 78.5 36.1 46.8 36.1 36.1 10:59:56.776
11.947 36.3 35.2 40.7 78.5 36.1 46.9 36.1 36.1 10:59:56.947
12.117 36.5 35.2 40.7 78.5 36.1 47.0 36.1 36.1 10:59:57.117
12.288 36.1 35.2 40.7 78.5 36.1 47.0 36.1 36.1 10:59:57.288
12.459 36.4 35.2 40.7 78.5 36.1 47.1 36.1 36.1 10:59:57.459
12.629 36.2 35.2 40.7 78.7 36.1 47.1 36.1 36.1 10:59:57.629
12.800 36.2 35.2 40.7 78.7 36.1 47.2 36.1 36.1 10:59:57.800
12.971 36.2 35.2 40.7 78.7 36.1 47.3 36.1 36.1 10:59:57.971
13.141 36.3 35.2 40.7 78.7 36.1 47.3 36.1 36.1 10:59:58.141
13.312 36.1 35.2 40.7 78.7 36.1 47.4 36.1 36.1 10:59:58.312
13.483 36.2 35.2 40.7 78.7 36.1 47.4 36.1 36.1 10:59:58.483
13.653 36.1 35.2 40.7 78.7 36.1 47.5 36.1 36.1 10:59:58.653
13.824 36.1 35.2 40.7 78.7 36.1 47.5 36.1 36.1 10:59:58.824
13.995 36.4 35.2 40.7 78.7 36.1 47.6 36.1 36.1 10:59:58.995
14.165 36.9 35.2 40.7 78.7 36.2 47.7 36.2 36.2 10:59:59.165
14.336 36.9 35.2 40.7 78.7 36.2 47.7 36.2 36.2 10:59:59.336
14.507 36.8 35.2 40.7 78.7 36.2 47.8 36.2 36.2 10:59:59.507
14.677 36.5 35.2 40.7 78.7 36.2 47.8 36.2 36.2 10:59:59.677
14.848 36.6 35.2 40.7 78.7 36.2 47.9 36.2 36.2 10:59:59.848
15.019 36.5 35.2 40.7 78.7 36.2 48.0 36.2 36.2 11:00:00.019
15.189 36.4 35.2 40.7 78.7 36.2 48.0 36.2 36.2 11:00:00.189
15.360 36.0 35.2 40.7 78.7 36.2 48.1 36.2 36.2 11:00:00.360
15.531 36.2 35.2 40.7 78.7 36.2 48.1 36.2 36.2 11:00:00.531
15.701 36.3 35.2 40.7 78.7 36.2 48.2 36.2 36.2 11:00:00.701
15.872 36.3 35.2 40.7 78.7 36.2 48.2 36.2 36.2 11:00:00.872
16.043 36.3 35.2 40.7 78.7 36.2 48.3 36.2 36.2 11:00:01.043
16.213 36.3 35.2 40.7 78.7 36.2 48.3 36.2 36.2 11:00:01.213
16.384 35.9 35.2 40.7 78.7 36.2 48.3 36.2 36.2 11:00:01.384
16.555 36.1 35.2 40.7 78.7 36.2 48.4 36.2 36.2 11:00:01.555
16.725 36.1 35.2 40.7 78.7 36.2 48.4 36.2 36.2 11:00:01.725
16.896 36.2 35.2 40.7 78.7 36.2 48.5 36.2 36.2 11:00:01.896
17.067 35.7 35.2 40.7 78.7 36.2 48.5 36.2 36.2 11:00:02.067
17.237 36.0 35.2 40.7 78.7 36.2 48.6 36.2 36.2 11:00:02.237
17.408 35.7 35.2 40.7 78.7 36.2 48.6 36.2 36.2 11:00:02.408
17.579 35.6 35.2 40.7 78.7 36.2 48.6 36.2 36.2 11:00:02.579
17.749 35.9 35.2 40.7 78.7 36.2 48.7 36.2 36.2 11:00:02.749
17.920 36.0 35.2 40.7 78.7 36.2 48.7 36.2 36.2 11:00:02.920
18.091 35.7 35.2 40.7 78.7 36.2 48.8 36.2 36.2 11:00:03.091
18.261 36.3 35.2 40.7 78.7 36.2 48.8 36.2 36.2 11:00:03.261
18.432 36.2 35.2 40.7 78.7 36.2 48.8 36.2 36.2 11:00:03.432
18.603 36.1 35.2 40.7 78.7 36.2 48.9 36.2 36.2 11:00:03.603
18.773 36.6 35.2 40.7 78.7 36.2 48.9 36.2 36.2 11:00:03.773
18.944 36.2 35.2 40.7 78.7 36.2 49.0 36.2 36.2 11:00:03.944
19.115 36.3 35.2 40.7 78.7 36.2 49.0 36.2 36.2 11:00:04.115
19.285 36.3 35.2 40.7 78.7 36.2 49.0 36.2 36.2 11:00:04.285
19.456 36.2 35.2 40.7 78.7 36.2 49.1 36.2 36.2 11:00:04.456
19.627 36.3 35.2 40.7 78.7 36.2 49.1 36.2 36.2 11:00:04.627
19.797 35.9 35.2 40.7 78.7 36.2 49.2 36.2 36.2 11:00:04.797

