SPL log data saved by REW V5.20.9
Soundcard cal: 
Mic/meter cal: 7024995.txt
SPL cal offset: 125.701 dB
High Pass Filter: Off
Date: 25/08/2022 11:03:08 AM
Start: 1661425388084
Log length: 118 entries over 20.1s
Log interval: 0.17066666666666666 seconds

Time[s] LZF LZFMin LZFMax LZpeak LZeq LZE LZeq1m LZeq10m Time of day
0.171 63.0 62.0 63.0 82.6 63.2 55.5 63.2 63.2 11:03:08.171
0.341 63.6 62.0 65.6 82.6 64.7 60.1 64.7 64.7 11:03:08.341
0.512 61.7 59.6 65.6 82.6 63.9 61.0 63.9 63.9 11:03:08.512
0.683 60.7 59.6 65.6 82.6 63.6 61.9 63.6 63.6 11:03:08.683
0.853 60.4 59.6 65.6 82.6 63.3 62.6 63.3 63.3 11:03:08.853
1.024 57.7 57.7 65.6 82.6 62.8 62.9 62.8 62.8 11:03:09.024
1.195 56.2 56.2 65.6 82.6 62.4 63.2 62.4 62.4 11:03:09.195
1.365 58.3 54.2 65.6 82.6 62.1 63.4 62.1 62.1 11:03:09.365
1.536 58.3 54.2 65.6 82.6 61.9 63.8 61.9 61.9 11:03:09.536
1.707 58.7 54.2 65.6 82.6 61.8 64.1 61.8 61.8 11:03:09.707
1.877 61.4 54.2 65.6 82.6 61.9 64.6 61.9 61.9 11:03:09.877
2.048 61.0 54.2 65.6 82.6 61.8 64.9 61.8 61.8 11:03:10.048
2.219 58.5 54.2 65.6 82.6 61.6 65.1 61.6 61.6 11:03:10.219
2.389 66.9 54.2 66.9 82.6 62.7 66.5 62.7 62.7 11:03:10.389
2.560 69.5 54.2 69.5 82.6 63.8 67.8 63.8 63.8 11:03:10.560
2.731 66.7 54.2 69.5 82.6 63.9 68.2 63.9 63.9 11:03:10.731
2.901 66.3 54.2 69.5 82.6 64.3 68.9 64.3 64.3 11:03:10.901
3.072 67.4 54.2 69.5 82.6 64.9 69.8 64.9 64.9 11:03:11.072
3.243 65.3 54.2 69.5 82.6 65.1 70.2 65.1 65.1 11:03:11.243
3.413 69.3 54.2 69.5 82.6 65.6 71.0 65.6 65.6 11:03:11.413
3.584 71.2 54.2 72.7 82.6 66.6 72.2 66.6 66.6 11:03:11.584
3.755 68.8 54.2 72.8 82.6 67.0 72.8 67.0 67.0 11:03:11.755
3.925 70.8 54.2 72.8 82.6 67.5 73.4 67.5 67.5 11:03:11.925
4.096 71.5 54.2 72.8 82.6 67.8 73.9 67.8 67.8 11:03:12.096
4.267 73.1 54.2 75.1 82.6 68.7 75.0 68.7 68.7 11:03:12.267
4.437 72.2 54.2 75.1 82.6 69.2 75.6 69.2 69.2 11:03:12.437
4.608 71.0 54.2 75.1 82.6 69.3 75.9 69.3 69.3 11:03:12.608
4.779 71.1 54.2 75.1 82.6 69.4 76.2 69.4 69.4 11:03:12.779
4.949 72.5 54.2 75.1 82.6 69.6 76.6 69.6 69.6 11:03:12.949
5.120 73.1 54.2 75.1 82.6 69.8 76.9 69.8 69.8 11:03:13.120
5.291 70.7 54.2 75.1 82.6 69.8 77.0 69.8 69.8 11:03:13.291
5.461 65.4 54.2 75.1 82.6 69.7 77.1 69.7 69.7 11:03:13.461
5.632 66.9 54.2 75.1 82.6 69.7 77.2 69.7 69.7 11:03:13.632
5.803 68.1 54.2 75.1 82.6 69.6 77.3 69.6 69.6 11:03:13.803
5.973 64.2 54.2 75.1 82.6 69.6 77.3 69.6 69.6 11:03:13.973
6.144 68.3 54.2 75.1 82.6 69.6 77.4 69.6 69.6 11:03:14.144
6.315 64.4 54.2 75.1 82.6 69.5 77.5 69.5 69.5 11:03:14.315
6.485 60.7 54.2 75.1 82.6 69.4 77.5 69.4 69.4 11:03:14.485
6.656 60.8 54.2 75.1 82.6 69.3 77.5 69.3 69.3 11:03:14.656
6.827 63.0 54.2 75.1 82.6 69.2 77.6 69.2 69.2 11:03:14.827
6.997 63.7 54.2 75.1 82.6 69.2 77.6 69.2 69.2 11:03:14.997
7.168 65.2 54.2 75.1 82.6 69.1 77.6 69.1 69.1 11:03:15.168
7.339 64.4 54.2 75.1 82.6 69.0 77.7 69.0 69.0 11:03:15.339
7.509 58.5 54.2 75.1 82.6 68.9 77.7 68.9 68.9 11:03:15.509
7.680 55.3 54.2 75.1 82.6 68.8 77.7 68.8 68.8 11:03:15.680
7.851 59.2 54.2 75.1 82.6 68.8 77.7 68.8 68.8 11:03:15.851
8.021 57.7 54.2 75.1 82.6 68.7 77.7 68.7 68.7 11:03:16.021
8.192 57.5 53.7 75.1 82.6 68.6 77.7 68.6 68.6 11:03:16.192
8.363 53.8 53.7 75.1 82.6 68.5 77.7 68.5 68.5 11:03:16.363
8.533 56.6 53.7 75.1 82.6 68.4 77.7 68.4 68.4 11:03:16.533
8.704 54.5 53.2 75.1 82.6 68.3 77.7 68.3 68.3 11:03:16.704
8.875 54.6 53.2 75.1 82.6 68.3 77.7 68.3 68.3 11:03:16.875
9.045 51.6 51.6 75.1 82.6 68.2 77.7 68.2 68.2 11:03:17.045
9.216 57.2 51.6 75.1 82.6 68.1 77.8 68.1 68.1 11:03:17.216
9.387 55.4 51.6 75.1 82.6 68.0 77.8 68.0 68.0 11:03:17.387
9.557 57.2 51.6 75.1 82.6 68.0 77.8 68.0 68.0 11:03:17.557
9.728 60.5 51.6 75.1 82.6 67.9 77.8 67.9 67.9 11:03:17.728
9.899 60.5 51.6 75.1 82.6 67.9 77.8 67.9 67.9 11:03:17.899
10.069 64.9 51.6 75.1 82.6 67.8 77.9 67.8 67.8 11:03:18.069
10.240 64.2 51.6 75.1 82.6 67.8 77.9 67.8 67.8 11:03:18.240
10.411 61.9 51.6 75.1 82.6 67.8 77.9 67.8 67.8 11:03:18.411
10.581 60.7 51.6 75.1 82.6 67.7 78.0 67.7 67.7 11:03:18.581
10.752 64.3 51.6 75.1 82.6 67.7 78.0 67.7 67.7 11:03:18.752
10.923 68.8 51.6 75.1 82.6 67.8 78.2 67.8 67.8 11:03:18.923
11.093 68.0 51.6 75.1 82.6 67.8 78.3 67.8 67.8 11:03:19.093
11.264 70.2 51.6 75.1 82.6 67.9 78.5 67.9 67.9 11:03:19.264
11.435 69.6 51.6 75.1 82.6 68.1 78.6 68.1 68.1 11:03:19.435
11.605 70.5 51.6 75.1 82.6 68.1 78.7 68.1 68.1 11:03:19.605
11.776 67.2 51.6 75.1 82.6 68.1 78.8 68.1 68.1 11:03:19.776
11.947 65.2 51.6 75.1 82.6 68.1 78.8 68.1 68.1 11:03:19.947
12.117 61.5 51.6 75.1 82.6 68.0 78.9 68.0 68.0 11:03:20.117
12.288 67.4 51.6 75.1 82.6 68.0 78.9 68.0 68.0 11:03:20.288
12.459 62.5 51.6 75.1 82.6 68.0 78.9 68.0 68.0 11:03:20.459
12.629 66.0 51.6 75.1 82.6 68.0 79.0 68.0 68.0 11:03:20.629
12.800 66.2 51.6 75.1 82.6 68.0 79.0 68.0 68.0 11:03:20.800
12.971 64.3 51.6 75.1 82.6 67.9 79.0 67.9 67.9 11:03:20.971
13.141 62.8 51.6 75.1 82.6 67.9 79.1 67.9 67.9 11:03:21.141
13.312 69.9 51.6 75.1 82.6 68.0 79.2 68.0 68.0 11:03:21.312
13.483 71.1 51.6 75.1 82.6 68.1 79.3 68.1 68.1 11:03:21.483
13.653 71.7 51.6 75.1 82.6 68.2 79.5 68.2 68.2 11:03:21.653
13.824 71.1 51.6 75.1 82.6 68.2 79.6 68.2 68.2 11:03:21.824
13.995 74.2 51.6 75.1 82.6 68.4 79.9 68.4 68.4 11:03:21.995
14.165 70.1 51.6 75.1 82.6 68.4 79.9 68.4 68.4 11:03:22.165
14.336 76.2 51.6 76.2 82.6 68.8 80.3 68.8 68.8 11:03:22.336
14.507 72.7 51.6 76.2 82.6 68.9 80.5 68.9 68.9 11:03:22.507
14.677 76.7 51.6 76.7 82.6 69.2 80.9 69.2 69.2 11:03:22.677
14.848 70.8 51.6 76.7 82.6 69.2 81.0 69.2 69.2 11:03:22.848
15.019 70.3 51.6 76.7 82.6 69.3 81.1 69.3 69.3 11:03:23.019
15.189 73.0 51.6 76.7 82.6 69.4 81.2 69.4 69.4 11:03:23.189
15.360 74.1 51.6 76.7 82.6 69.5 81.4 69.5 69.5 11:03:23.360
15.531 68.2 51.6 76.7 82.6 69.5 81.4 69.5 69.5 11:03:23.531
15.701 62.2 51.6 76.7 82.6 69.4 81.4 69.4 69.4 11:03:23.701
15.872 63.2 51.6 76.7 82.6 69.4 81.4 69.4 69.4 11:03:23.872
16.043 64.4 51.6 76.7 82.6 69.4 81.4 69.4 69.4 11:03:24.043
16.213 62.0 51.6 76.7 82.6 69.4 81.5 69.4 69.4 11:03:24.213
16.384 65.4 51.6 76.7 82.6 69.3 81.5 69.3 69.3 11:03:24.384
16.555 65.2 51.6 76.7 82.6 69.3 81.5 69.3 69.3 11:03:24.555
16.725 67.8 51.6 76.7 82.6 69.3 81.5 69.3 69.3 11:03:24.725
16.896 63.4 51.6 76.7 82.6 69.3 81.5 69.3 69.3 11:03:24.896
17.067 63.3 51.6 76.7 82.6 69.2 81.6 69.2 69.2 11:03:25.067
17.237 67.0 51.6 76.7 82.6 69.2 81.6 69.2 69.2 11:03:25.237
17.408 66.7 51.6 76.7 82.6 69.2 81.6 69.2 69.2 11:03:25.408
17.579 68.1 51.6 76.7 82.6 69.2 81.7 69.2 69.2 11:03:25.579
17.749 69.0 51.6 76.7 82.6 69.2 81.7 69.2 69.2 11:03:25.749
17.920 68.6 51.6 76.7 82.6 69.2 81.8 69.2 69.2 11:03:25.920
18.091 66.0 51.6 76.7 82.6 69.2 81.8 69.2 69.2 11:03:26.091
18.261 66.3 51.6 76.7 82.6 69.2 81.8 69.2 69.2 11:03:26.261
18.432 68.7 51.6 76.7 82.6 69.2 81.9 69.2 69.2 11:03:26.432
18.603 69.4 51.6 76.7 82.6 69.3 81.9 69.3 69.3 11:03:26.603
18.773 71.8 51.6 76.7 82.6 69.3 82.1 69.3 69.3 11:03:26.773
18.944 75.3 51.6 76.7 82.6 69.5 82.2 69.5 69.5 11:03:26.944
19.115 69.4 51.6 76.7 82.6 69.5 82.3 69.5 69.5 11:03:27.115
19.285 70.1 51.6 76.7 82.6 69.5 82.3 69.5 69.5 11:03:27.285
19.456 69.0 51.6 76.7 82.6 69.5 82.3 69.5 69.5 11:03:27.456
19.627 65.4 51.6 76.7 82.6 69.4 82.4 69.4 69.4 11:03:27.627
19.797 59.4 51.6 76.7 82.6 69.4 82.4 69.4 69.4 11:03:27.797
19.968 65.2 51.6 76.7 82.6 69.4 82.4 69.4 69.4 11:03:27.968
20.139 65.3 51.6 76.7 82.6 69.4 82.4 69.4 69.4 11:03:28.139

